Data for MPI rank 0 of 32768
Times and statistics from MPI_Init() to MPI_Finalize().
-----------------------------------------------------------------
MPI Routine                  #calls     avg. bytes      time(sec)
-----------------------------------------------------------------
MPI_Comm_size                     8            0.0          0.000
MPI_Comm_rank                    10            0.0          0.000
MPI_Isend                      4524      1030596.0          0.036
MPI_Recv                         52      1038732.5          0.364
MPI_Irecv                      4472      1030286.9          0.119
MPI_Wait                       8320            0.0         58.114
MPI_Waitall                     312            0.0         20.400
MPI_Barrier                      65            0.0          4.424
MPI_Reduce                        8           60.0          0.001
MPI_Allreduce                    51         2231.6         14.941
-----------------------------------------------------------------
total communication time = 98.398 seconds.
total elapsed time       = 2749.488 seconds.
heap memory used         = 379.711 MBytes.
heap memory available    = 548.267 MBytes.

-----------------------------------------------------------------
Message size distributions:

MPI_Isend                 #calls    avg. bytes      time(sec)
                              20           4.0          0.000
                               1         118.0          0.000
                               1        1828.0          0.000
                               1        3234.0          0.000
                               8       57103.0          0.000
                               2      400201.0          0.000
                            4485     1029178.6          0.036
                               6     7547964.0          0.000

MPI_Recv                  #calls    avg. bytes      time(sec)
                              22           4.0          0.018
                               1        1600.0          0.000
                               8       58069.0          0.002
                               1      130800.0          0.000
                               2      214343.0          0.000
                              12      646370.0          0.059
                               6     7538654.0          0.284

MPI_Irecv                 #calls    avg. bytes      time(sec)
                            4472     1030286.9          0.119

MPI_Reduce                #calls    avg. bytes      time(sec)
                               8          60.0          0.001

MPI_Allreduce             #calls    avg. bytes      time(sec)
                              27           4.0          7.395
                              19           8.0          4.606
                               1          16.0          0.001
                               4       28384.0          2.940

-----------------------------------------------------------------

Communication summary for all tasks:

  minimum communication time = 97.498 sec for task 13810
  median  communication time = 98.064 sec for task 291
  maximum communication time = 98.773 sec for task 32096

BGQ Partition shape = <4,4,4,16,2>
Torus connectivity  = <1,1,1,1,1>

Rank 11968 had the largest heap memory used    : 380.66 MBytes
Rank 11968 had the least available heap memory : 547.31 MBytes

Histogram of times spent in MPI
    time-bin    #ranks
      97.498         3
      97.590         3
      97.681        27
      97.772       428
      97.863      2763
      97.954      7055
      98.045      8457
      98.136      6053
      98.227      3733
      98.318      2309
      98.409      1123
      98.500       526
      98.591       218
      98.682        60
      98.773        10

Summary from each MPI rank:
  rank     A     B     C     D     E    core       comm(s)   elapsed(s)      mem(MB)
     0     0     0     0     0     0     0          98.398     2749.488      379.711
     1     0     0     0     0     0     1          98.300     2749.488      379.777
     2     0     0     0     0     0     2          98.218     2749.488      379.695
     3     0     0     0     0     0     3          98.247     2749.488      379.586
     4     0     0     0     0     0     4          98.103     2749.488      379.742
     5     0     0     0     0     0     5          98.150     2749.488      379.574
     6     0     0     0     0     0     6          98.058     2749.488      379.727
     7     0     0     0     0     0     7          98.229     2749.488      379.445
     8     0     0     0     0     0     8          98.044     2749.488      379.867
     9     0     0     0     0     0     9          98.018     2749.488      379.930
    10     0     0     0     0     0    10          98.101     2749.488      379.684
    11     0     0     0     0     0    11          98.103     2749.488      379.684
    12     0     0     0     0     0    12          98.011     2749.488      379.801
    13     0     0     0     0     0    13          98.073     2749.488      379.633
    14     0     0     0     0     0    14          98.066     2749.488      379.707
    15     0     0     0     0     0    15          98.113     2749.488      379.703
    16     0     0     0     0     1     0          98.320     2749.488      379.918
    17     0     0     0     0     1     1          98.536     2749.488      379.438
    18     0     0     0     0     1     2          98.255     2749.488      379.621
    19     0     0     0     0     1     3          98.186     2749.488      379.695
    20     0     0     0     0     1     4          98.222     2749.488      379.609
    21     0     0     0     0     1     5          98.106     2749.488      379.727
    22     0     0     0     0     1     6          97.977     2749.488      380.059
    23     0     0     0     0     1     7          98.003     2749.488      379.914
    24     0     0     0     0     1     8          98.092     2749.488      379.719
    25     0     0     0     0     1     9          98.060     2749.488      379.750
    26     0     0     0     0     1    10          98.172     2749.488      379.562
    27     0     0     0     0     1    11          98.024     2749.488      379.988
    28     0     0     0     0     1    12          97.990     2749.488      379.891
    29     0     0     0     0     1    13          98.030     2749.488      379.797
    30     0     0     0     0     1    14          97.966     2749.488      379.965
    31     0     0     0     0     1    15          97.966     2749.488      380.020
    32     0     0     0     1     0     0          98.570     2749.488      379.602
    33     0     0     0     1     0     1          98.427     2749.488      379.742
    34     0     0     0     1     0     2          98.206     2749.488      379.691
    35     0     0     0     1     0     3          98.107     2749.488      379.953
    36     0     0     0     1     0     4          98.216     2749.488      379.527
    37     0     0     0     1     0     5          98.143     2749.488      379.590
    38     0     0     0     1     0     6          98.121     2749.488      379.621
    39     0     0     0     1     0     7          98.122     2749.488      379.660
    40     0     0     0     1     0     8          97.988     2749.488      380.035
    41     0     0     0     1     0     9          97.949     2749.488      380.043
    42     0     0     0     1     0    10          97.966     2749.488      380.000
    43     0     0     0     1     0    11          98.017     2749.488      379.895
    44     0     0     0     1     0    12          97.972     2749.488      379.938
    45     0     0     0     1     0    13          98.021     2749.488      379.844
    46     0     0     0     1     0    14          98.148     2749.488      379.574
    47     0     0     0     1     0    15          98.336     2749.488      379.410
    48     0     0     0     1     1     0          98.274     2749.488      380.133
    49     0     0     0     1     1     1          98.441     2749.488      379.602
    50     0     0     0     1     1     2          98.351     2749.488      379.590
    51     0     0     0     1     1     3          98.245     2749.488      379.750
    52     0     0     0     1     1     4          98.067     2749.488      379.961
    53     0     0     0     1     1     5          98.048     2749.488      379.820
    54     0     0     0     1     1     6          98.005     2749.488      379.953
    55     0     0     0     1     1     7          97.978     2749.488      380.105
    56     0     0     0     1     1     8          97.946     2749.488      380.023
    57     0     0     0     1     1     9          98.141     2749.488      379.645
    58     0     0     0     1     1    10          98.096     2749.488      379.801
    59     0     0     0     1     1    11          98.150     2749.488      379.660
    60     0     0     0     1     1    12          98.137     2749.488      379.660
    61     0     0     0     1     1    13          98.053     2749.488      379.824
    62     0     0     0     1     1    14          98.032     2749.488      379.906
    63     0     0     0     1     1    15          98.250     2749.488      379.496
    64     0     0     0     2     0     0          98.536     2749.488      379.922
    65     0     0     0     2     0     1          98.386     2749.488      379.812
    66     0     0     0     2     0     2          98.482     2749.488      379.305
    67     0     0     0     2     0     3          98.079     2749.488      379.926
    68     0     0     0     2     0     4          98.127     2749.488      379.719
    69     0     0     0     2     0     5          98.003     2749.488      379.902
    70     0     0     0     2     0     6          97.919     2749.488      380.105
    71     0     0     0     2     0     7          97.971     2749.488      379.879
    72     0     0     0     2     0     8          97.874     2749.488      380.234
    73     0     0     0     2     0     9          97.897     2749.488      379.914
    74     0     0     0     2     0    10          98.178     2749.488      379.539
    75     0     0     0     2     0    11          98.117     2749.488      379.703
    76     0     0     0     2     0    12          98.123     2749.488      379.766
    77     0     0     0     2     0    13          98.029     2749.488      379.848
    78     0     0     0     2     0    14          98.353     2749.488      379.367
    79     0     0     0     2     0    15          98.265     2749.488      379.578
    80     0     0     0     2     1     0          98.273     2749.488      380.203
    81     0     0     0     2     1     1          98.401     2749.488      379.648
    82     0     0     0     2     1     2          98.420     2749.488      379.492
    83     0     0     0     2     1     3          98.102     2749.488      379.930
    84     0     0     0     2     1     4          97.942     2749.488      380.129
    85     0     0     0     2     1     5          98.064     2749.488      379.820
    86     0     0     0     2     1     6          98.022     2749.488      380.020
    87     0     0     0     2     1     7          97.902     2749.488      380.234
    88     0     0     0     2     1     8          97.954     2749.488      379.914
    89     0     0     0     2     1     9          97.949     2749.488      380.070
    90     0     0     0     2     1    10          98.145     2749.488      379.730
    91     0     0     0     2     1    11          98.128     2749.488      379.754
    92     0     0     0     2     1    12          98.204     2749.488      379.656
    93     0     0     0     2     1    13          98.027     2749.488      380.000
    94     0     0     0     2     1    14          98.030     2749.488      379.961
    95     0     0     0     2     1    15          98.284     2749.488      379.621
    96     0     0     0     3     0     0          98.482     2749.488      379.934
    97     0     0     0     3     0     1          98.237     2749.488      380.078
    98     0     0     0     3     0     2          98.190     2749.488      379.633
    99     0     0     0     3     0     3          98.246     2749.488      379.582
   100     0     0     0     3     0     4          98.272     2749.488      379.473
   101     0     0     0     3     0     5          98.087     2749.488      379.680
   102     0     0     0     3     0     6          97.963     2749.488      379.926
   103     0     0     0     3     0     7          97.917     2749.488      380.094
   104     0     0     0     3     0     8          98.079     2749.488      379.645
   105     0     0     0     3     0     9          98.086     2749.488      379.613
   106     0     0     0     3     0    10          98.047     2749.488      379.762
   107     0     0     0     3     0    11          98.235     2749.488      379.539
   108     0     0     0     3     0    12          98.037     2749.488      379.867
   109     0     0     0     3     0    13          97.900     2749.488      380.188
   110     0     0     0     3     0    14          98.039     2749.488      379.789
   111     0     0     0     3     0    15          97.939     2749.488      380.090
   112     0     0     0     3     1     0          98.427     2749.488      379.918
   113     0     0     0     3     1     1          98.711     2749.488      379.281
   114     0     0     0     3     1     2          98.389     2749.488      379.590
   115     0     0     0     3     1     3          98.434     2749.488      379.340
   116     0     0     0     3     1     4          98.333     2749.488      379.480
   117     0     0     0     3     1     5          98.157     2749.488      379.742
   118     0     0     0     3     1     6          97.999     2749.488      380.082
   119     0     0     0     3     1     7          97.979     2749.488      379.906
   120     0     0     0     3     1     8          98.264     2749.488      379.422
   121     0     0     0     3     1     9          98.205     2749.488      379.590
   122     0     0     0     3     1    10          98.174     2749.488      379.684
   123     0     0     0     3     1    11          98.196     2749.488      379.660
   124     0     0     0     3     1    12          98.118     2749.488      379.844
   125     0     0     0     3     1    13          97.958     2749.488      380.117
   126     0     0     0     3     1    14          98.041     2749.488      379.883
   127     0     0     0     3     1    15          98.080     2749.488      380.043
   128     0     0     0     4     0     0          98.551     2749.488      379.707
   129     0     0     0     4     0     1          98.205     2749.488      380.117
   130     0     0     0     4     0     2          98.173     2749.488      379.699
   131     0     0     0     4     0     3          98.251     2749.488      379.539
   132     0     0     0     4     0     4          98.101     2749.488      379.754
   133     0     0     0     4     0     5          98.024     2749.488      379.738
   134     0     0     0     4     0     6          98.028     2749.488      379.730
   135     0     0     0     4     0     7          97.883     2749.488      379.965
   136     0     0     0     4     0     8          98.030     2749.488      379.660
   137     0     0     0     4     0     9          98.087     2749.488      379.695
   138     0     0     0     4     0    10          97.919     2749.488      380.035
   139     0     0     0     4     0    11          98.044     2749.488      379.844
   140     0     0     0     4     0    12          97.970     2749.488      379.883
   141     0     0     0     4     0    13          97.904     2749.488      380.160
   142     0     0     0     4     0    14          97.952     2749.488      380.008
   143     0     0     0     4     0    15          97.885     2749.488      380.090
   144     0     0     0     4     1     0          98.277     2749.488      380.000
   145     0     0     0     4     1     1          98.217     2749.488      380.031
   146     0     0     0     4     1     2          98.062     2749.488      379.973
   147     0     0     0     4     1     3          98.097     2749.488      379.781
   148     0     0     0     4     1     4          97.971     2749.488      380.070
   149     0     0     0     4     1     5          98.138     2749.488      379.645
   150     0     0     0     4     1     6          98.077     2749.488      379.750
   151     0     0     0     4     1     7          97.960     2749.488      379.871
   152     0     0     0     4     1     8          98.114     2749.488      379.422
   153     0     0     0     4     1     9          98.336     2749.488      379.363
   154     0     0     0     4     1    10          98.162     2749.488      379.520
   155     0     0     0     4     1    11          98.045     2749.488      379.859
   156     0     0     0     4     1    12          97.942     2749.488      379.988
   157     0     0     0     4     1    13          98.249     2749.488      379.438
   158     0     0     0     4     1    14          98.054     2749.488      379.680
   159     0     0     0     4     1    15          97.926     2749.488      380.219
   160     0     0     0     5     0     0          98.342     2749.488      380.082
   161     0     0     0     5     0     1          98.365     2749.488      379.727
   162     0     0     0     5     0     2          98.071     2749.488      379.848
   163     0     0     0     5     0     3          97.911     2749.488      380.164
   164     0     0     0     5     0     4          97.829     2749.488      380.270
   165     0     0     0     5     0     5          97.885     2749.488      379.918
   166     0     0     0     5     0     6          97.871     2749.488      379.984
   167     0     0     0     5     0     7          97.892     2749.488      379.914
   168     0     0     0     5     0     8          98.255     2749.488      379.402
   169     0     0     0     5     0     9          97.898     2749.488      380.012
   170     0     0     0     5     0    10          97.901     2749.488      379.926
   171     0     0     0     5     0    11          98.026     2749.488      379.809
   172     0     0     0     5     0    12          98.064     2749.488      379.738
   173     0     0     0     5     0    13          97.815     2749.488      380.090
   174     0     0     0     5     0    14          97.851     2749.488      380.047
   175     0     0     0     5     0    15          97.880     2749.488      379.984
   176     0     0     0     5     1     0          98.563     2749.488      379.684
   177     0     0     0     5     1     1          98.283     2749.488      379.906
   178     0     0     0     5     1     2          98.211     2749.488      379.719
   179     0     0     0     5     1     3          98.271     2749.488      379.578
   180     0     0     0     5     1     4          97.958     2749.488      379.953
   181     0     0     0     5     1     5          98.104     2749.488      379.680
   182     0     0     0     5     1     6          97.995     2749.488      379.953
   183     0     0     0     5     1     7          97.816     2749.488      380.375
   184     0     0     0     5     1     8          97.914     2749.488      380.043
   185     0     0     0     5     1     9          97.990     2749.488      379.820
   186     0     0     0     5     1    10          98.067     2749.488      379.695
   187     0     0     0     5     1    11          98.098     2749.488      379.684
   188     0     0     0     5     1    12          98.109     2749.488      379.668
   189     0     0     0     5     1    13          98.033     2749.488      379.918
   190     0     0     0     5     1    14          98.201     2749.488      379.516
   191     0     0     0     5     1    15          98.013     2749.488      379.996
   192     0     0     0     6     0     0          98.543     2749.488      379.918
   193     0     0     0     6     0     1          98.238     2749.488      380.055
   194     0     0     0     6     0     2          98.037     2749.488      380.035
   195     0     0     0     6     0     3          97.883     2749.488      380.176
   196     0     0     0     6     0     4          97.922     2749.488      380.047
   197     0     0     0     6     0     5          98.110     2749.488      379.695
   198     0     0     0     6     0     6          97.873     2749.488      380.020
   199     0     0     0     6     0     7          97.935     2749.488      379.961
   200     0     0     0     6     0     8          98.060     2749.488      379.754
   201     0     0     0     6     0     9          98.004     2749.488      379.809
   202     0     0     0     6     0    10          98.075     2749.488      379.645
   203     0     0     0     6     0    11          97.840     2749.488      380.289
   204     0     0     0     6     0    12          98.222     2749.488      379.438
   205     0     0     0     6     0    13          98.059     2749.488      379.777
   206     0     0     0     6     0    14          97.877     2749.488      380.172
   207     0     0     0     6     0    15          97.932     2749.488      380.078
   208     0     0     0     6     1     0          98.509     2749.488      379.734
   209     0     0     0     6     1     1          98.470     2749.488      379.555
   210     0     0     0     6     1     2          98.407     2749.488      379.402
   211     0     0     0     6     1     3          98.099     2749.488      379.832
   212     0     0     0     6     1     4          98.062     2749.488      379.742
   213     0     0     0     6     1     5          98.244     2749.488      379.484
   214     0     0     0     6     1     6          98.118     2749.488      379.621
   215     0     0     0     6     1     7          97.956     2749.488      379.965
   216     0     0     0     6     1     8          97.891     2749.488      380.008
   217     0     0     0     6     1     9          97.918     2749.488      379.973
   218     0     0     0     6     1    10          98.005     2749.488      379.777
   219     0     0     0     6     1    11          97.947     2749.488      379.844
   220     0     0     0     6     1    12          98.292     2749.488      379.367
   221     0     0     0     6     1    13          98.079     2749.488      379.785
   222     0     0     0     6     1    14          98.011     2749.488      380.012
   223     0     0     0     6     1    15          98.065     2749.488      379.844
   224     0     0     0     7     0     0          98.468     2749.488      380.086
   225     0     0     0     7     0     1          98.175     2749.488      380.129
   226     0     0     0     7     0     2          98.095     2749.488      379.773
   227     0     0     0     7     0     3          98.236     2749.488      379.562
   228     0     0     0     7     0     4          97.935     2749.488      380.090
   229     0     0     0     7     0     5          97.937     2749.488      379.883
   230     0     0     0     7     0     6          98.147     2749.488      379.543
   231     0     0     0     7     0     7          98.165     2749.488      379.551
   232     0     0     0     7     0     8          98.086     2749.488      379.766
   233     0     0     0     7     0     9          97.912     2749.488      380.008
   234     0     0     0     7     0    10          97.919     2749.488      380.043
   235     0     0     0     7     0    11          97.926     2749.488      379.949
   236     0     0     0     7     0    12          97.939     2749.488      379.871
   237     0     0     0     7     0    13          98.038     2749.488      379.809
   238     0     0     0     7     0    14          98.100     2749.488      379.727
   239     0     0     0     7     0    15          97.939     2749.488      380.090
   240     0     0     0     7     1     0          98.501     2749.488      379.723
   241     0     0     0     7     1     1          98.355     2749.488      379.789
   242     0     0     0     7     1     2          98.348     2749.488      379.551
   243     0     0     0     7     1     3          98.169     2749.488      379.730
   244     0     0     0     7     1     4          98.031     2749.488      379.867
   245     0     0     0     7     1     5          98.099     2749.488      379.656
   246     0     0     0     7     1     6          98.016     2749.488      379.906
   247     0     0     0     7     1     7          98.002     2749.488      379.812
   248     0     0     0     7     1     8          97.934     2749.488      379.938
   249     0     0     0     7     1     9          97.869     2749.488      380.066
   250     0     0     0     7     1    10          98.051     2749.488      379.672
   251     0     0     0     7     1    11          98.141     2749.488      379.645
   252     0     0     0     7     1    12          97.962     2749.488      380.059
   253     0     0     0     7     1    13          97.963     2749.488      379.820
   254     0     0     0     7     1    14          97.972     2749.488      380.008
   255     0     0     0     7     1    15          98.170     2749.488      379.566
...


